
0.21465249696131 0.15814945636504 0.48116875011918 0.14602929655448 
0.30671963816028 0.42894083919836 0.19807003653706 0.066269486104304 
0.038199376966665 0.24037652884128 0.22893482718542 0.49248926700664 
0.52737454540461 0.31722332325655 0.11964953912369 0.035752592215143 
0.11557782855528 0.085652638268592 0.20237292953102 0.59639660364511 
0.21465249696131 0.15814945636504 0.48116875011918 0.14602929655448 
0.30671963816028 0.42894083919836 0.19807003653706 0.066269486104304 
0.038199376966665 0.24037652884128 0.22893482718542 0.49248926700664 
0.52737454540461 0.31722332325655 0.11964953912369 0.035752592215143 
0.11557782855528 0.085652638268592 0.20237292953102 0.59639660364511 